0196
03270
02148
137
116
139
124
139
123
138
124
1310
125
1310
123
1311
127
1310
122
1310
124
1311
125
1311
123
1311
124
1313
124
136
120
137
124
1316
121
1321
110
1316
113
134
116
132
114
137
114
136
115
137
115
137
113
137
115
138
116
137
114
137
114
137
116
136
116
137
115
137
117
137
114
134
113
133
113
134
115
134
114
138
117
1363
13172
13201
120
1326
114
133
1196
130
130
1135
1311
121
1311
123
1311
124
1310
124
1311
124
1310
123
1310
124
1311
124
136
121
136
124
137
123
138
139
123
136
123
135
122
137
123
1310
125
1310
122
1310
124
1311
125
1310
123
1310
124
1310
123
1310
124
1310
124
1310
124
1310
123
139
123
1310
125
1310
123
1310
123
1310
126
133
11137
133
112
1310
123
139
124
139
124
1310
122
139
125
139
122
1310
124
139
124
139
123
139
123
1310
124
139
124
139
123
1310
123
139
125
139
122
139
124
138
124
139
123
1310
121
139
123
136
123
136
123
137
124
1310
123
1310
124
1310
123
1310
123
1310
124
1311
124
1310
124
1310
123
133
11141
13233
13175
1361
1111
135
111
134
113
134
116
134
121
134
119
134
134
114
134
116
136
114
138
115
137
116
137
115
135
113
136
114
135
111
135
115
136
114
135
113
135
112
135
116
135
114
135
116
137
112
1312
120
1320
121
1316
124
1312
123
1312
124
138
121
138
124
138
123
137
121
138
125
137
123
138
122
137
123
138
125
137
121
137
123
138
125
137
122
137
123
138
124
138
111
133
11114
133
1158
0350
0141
136
114
136
113
136
112
136
113
137
111
136
112
136
113
137
113
136
112
137
111
137
112
137
113
137
111
137
113
137
111
137
112
139
114
138
111
1311
112
1316
110
1321
128
136
122
135
124
136
125
135
126
135
123
135
126
136
126
135
126
134
124
135
127
134
124
135
128
135
124
134
127
135
122
135
1213
135
123
1316
121
13104
13121
12100
13230
13231
12100
13122
13121
1222
134
116
134
122
134
127
133
122
134
127
133
123
134
121
133
127
134
125
133
123
134
126
133
122
134
125
134
123
133
124
134
123
134
125
134
121
134
127
134
111
135
127
133
122
137
122
1332
112
137
136
113
136
112
137
112
137
112
138
112
137
137
114
137
112
137
112
137
112
137
113
136
111
137
113
136
112
137
114
136
111
136
114
136
111
136
116
138
120
136
12100
136
113
1310
1259
0317
0263
132
122
132
115
132
116
132
116
137
124
136
122
136
121
135
124
136
123
135
124
136
122
135
111
137
118
132
117
132
1114
132
1116
132
1125
132
1118
132
1120
132
1110
133
1112
132
113
134
110
133
127
131
1223
131
1214
131
1213
132
121
1313
121
1396
1396
121
1313
123
132
1228
131
131
129
132
1218
131
122
132
111
134
115
134
115
134
1110
133
117
132
1114
131
1112
132
1122
131
1115
131
1116
131
119
132
1118
132
114
132
1123
1356
1357
1177
139
111
1320
111
138
111
135
117
134
1112
132
114
133
1110
131
1116
131
1111
132
1119
131
1111
131
1115
132
1120
132
1111
131
115
132
1114
132
115
133
119
134
113
1310
111
134
124
133
1214
131
125
131
129
132
1215
132
124
136
121
1314
121
1320
12100
1333
1333
12100
1319
1319
1250
131
1210
131
1227
131
123
135
117
136
114
133
1110
132
120
133
1111
132
116
132
1112
132
1112
131
1111
132
118
131
1113
131
1118
133
1123
132
118
131
119
132
1130
131
116
135
112
1330
1326
112
1310
1120
131
1115
131
1111
131
1111
131
1111
132
1126
131
115
131
117
131
1115
132
1110
131
117
132
1114
132
1114
131
114
132
117
132
119
132
133
128
132
129
132
129
131
1215
132
1211
132
128
132
1211
132
1215
136
121
1313
121
1316
12100
1367
1357
111
139
1211
133
1210
133
122
133
128
133
123
133
111
136
114
134
117
134
1116
133
119
132
1116
131
1115
132
1133
131
117
131
1112
132
1113
132
116
131
11162
0380
02159
132
1112
132
1120
132
1123
131
1114
132
1114
131
1110
132
118
133
1113
132
120
132
117
133
116
133
113
136
116
133
116
134
113
133
112
134
121
132
128
132
1218
132
1210
132
121
133
1218
1392
1393
1221
132
124
133
1212
133
1211
134
126
134
121
134
115
133
114
133
115
133
1110
132
111
132
1118
132
1115
131
1117
131
1122
131
119
132
1135
131
118
132
115
137
111
1328
1330
112
136
116
132
1115
132
1116
132
1128
131
1118
132
1122
131
1115
132
1112
133
1111
134
117
136
121
134
125
134
128
134
1210
133
123
133
1225
1395
1396
12102
1311
111
137
122
134
129
133
1210
133
1210
135
1210
134
128
135
129
134
125
135
129
135
125
135
129
135
125
134
129
133
121
134
125
133
126
133
1215
131
11128
130
11179
134
117
134
113
134
119
134
117
133
119
134
119
133
116
133
118
134
119
132
114
133
119
132
114
133
116
133
116
132
114
133
116
133
115
133
119
135
117
133
114
133
116
133
1110
133
113
133
1112
133
112
133
1111
132
114
133
119
133
116
133
116
133
114
132
119
131
115
136
114
136
118
132
117
132
115
136
115
133
116
132
114
133
114
133
116
136
118
136
118
135
116
137
118
136
116
136
115
137
116
137
115
137
114
138
115
138
116
138
116
138
113
135
114
134
113
134
113
135
115
134
113
134
113
134
114
134
115
134
114
133
115
134
113
134
114
134
116
134
115
133
113
134
115
133
117
135
115
1324
110
1321
123
135
121
135
124
135
124
135
127
135
135
115
134
116
133
1110
133
121
03171
0141
133
1218
133
117
133
1111
133
114
134
1112
133
116
134
116
133
117
1372
111
1377
112
138
12179
1361
1362
1237
134
113
138
116
133
120
134
118
133
112
133
1114
132
114
132
1115
131
115
131
1110
131
1115
131
1112
131
1116
132
1117
133
1115
133
116
133
115
135
117
134
116
135
112
134
113
136
113
135
114
135
112
135
114
135
114
135
115
134
112
134
118
134
118
134
119
132
1110
132
113
132
1119
131
118
132
1115
131
1112
132
1122
131
112
131
1110
131
1111
134
112
133
128
133
1227
131
1216
132
1154
130
12103
132
115
1310
122
1372
1384
1231
133
122
132
1214
131
127
132
126
132
125
136
1110
134
117
134
1113
133
1110
132
114
132
1123
131
115
131
116
131
1117
132
1129
131
1110
131
121
132
1132
1323
121
1314
113
139
119
132
113
132
1114
132
118
133
118
132
1111
133
116
133
1111
133
114
134
111
1362
1358
12177
1347
1348
1217
133
1222
132
127
134
1210
133
124
135
121
134
117
134
117
134
1113
133
1110
133
1121
131
113
131
1116
132
1129
131
1112
132
1115
132
115
132
1123
1331
1332
1139
132
123
132
1118
132
1119
132
1115
131
1114
132
1126
131
124
131
1114
134
1112
133
119
134
111
132
126
132
1210
132
128
132
1214
131
123
132
1217
134
120
137
122
1334
1367
1383
112
1328
1120
132
1110
133
1115
132
118
133
1115
132
1110
133
1114
133
117
132
1175
03314
0117
1310
1212
135
117
132
1170
1310
121
139
12157
1310
111
139
1172
132
116
139
122
137
12152
133
123
136
139
1177
139
139
12154
139
121
137
114
133
1174
139
122
139
12158
139
110
1310
1180
1310
121
139
12145
132
1196
0360
02109
138
119
131
1145
131
1121
139
139
12156
139
122
1310
1184
131
126
1317
12150
133
126
136
121
139
1178
139
111
139
12149
132
128
1316
1174
1310
114
139
12159
1310
121
139
1180
1310
121
1310
12160
1310
11120
0363
02122
139
1145
131
1131
132
113
134
12140
131
1118
137
119
135
116
133
1111
132
1111
132
1117
132
111
132
1241
131
111
132
12129
136
120
135
1177
139
111
139
12154
139
120
1310
1179
139
125
139
12151
133
127
136
120
138
116
131
1113
131
1161
1310
121
136
110
133
12159
1310
11123
0363
02123
135
1281
133
121
135
133
12159
139
112
136
128
132
12149
135
11111
0365
02116
137
118
133
1171
139
122
1310
12158
138
112
137
1230
139
111
138
112
134
112
133
12106
131
1218
132
1171
139
123
139
12156
139
124
1310
1183
1310
122
1310
12160
1310
11119
0362
02119
139
1165
133
1110
137
112
139
12155
139
122
1310
1180
139
124
136
122
133
12153
139
121
138
1123
131
1148
131
117
138
139
12155
139
121
139
1164
133
1113
137
121
136
121
133
12158
1310
111
139
1181
1310
123
1310
12160
139
11120
0361
02119
139
1174
1310
114
139
12155
139
121
1310
1185
131
128
1310
122
137
12156
139
112
139
1174
139
112
139
12154
139
121
1310
1179
139
124
139
12152
132
126
137
120
139
1139
131
1141
132
120
137
137
126
133
12154
1310
11126
0364
02128
1310
112
135
1112
132
1164
1318
12146
132
1211
137
139
1167
132
1112
139
121
137
12145
132
1210
137
121
139
1178
139
121
139
12154
139
121
137
113
133
1174
139
121
139
12158
139
121
1310
1181
1310
121
1310
12163
133
1277
03274
01168
138
12165
134
120
135
123
132
1285
135
112
134
125
132
12153
139
1113
0325
0118
1310
125
1311
124
139
125
1311
124
1310
126
1310
122
1310
126
1311
125
136
123
137
122
137
123
135
126
135
121
135
123
136
127
135
110
134
124
135
124
135
124
135
121
133
128
133
1224
131
1217
131
1221
131
1235
132
1235
1313
121
1331
1113
132
114
131
1185
134
113
132
114
132
1193
1323
122
1314
122
138
124
132
125
131
1227
131
1163
130
12111
131
1223
131
1217
132
1222
131
116
134
122
139
125
138
125
136
124
136
123
137
124
136
124
136
125
138
122
138
124
136
124
136
122
136
124
136
122
136
123
136
122
136
124
136
122
135
123
136
121
136
125
135
123
136
121
136
125
135
122
136
123
135
123
137
124
136
125
136
123
136
126
136
123
136
124
136
124
136
126
134
122
132
1212
132
1228
131
1229
131
1264
1325
120
1324
1163
131
1131
133
116
133
116
131
1194
1324
121
1315
123
138
110
132
1223
131
1231
131
12118
130
1167
132
1218
131
127
133
122
133
124
136
125
135
123
136
126
135
123
135
124
136
125
136
123
136
125
134
122
136
121
135
123
135
12120
0350
012
138
1199
131
126
131
114
132
1125
130
1124
131
1146
132
114
135
112
138
1181
132
1121
133
1199
132
123
136
11138
0313
02135
138
110
137
1199
131
126
132
116
132
11101
138
121
138
1194
132
116
133
11101
131
1161
0313
0261
138
1198
132
120
133
11126
131
1226
138
111
137
1195
135
11109
132
125
136
11138
0313
02138
138
111
136
1113
131
1149
131
1144
132
122
131
1114
131
1182
133
121
135
111
135
114
133
1199
132
122
133
11116
131
1145
0313
0264
135
117
133
1193
132
116
133
1199
138
125
138
11115
131
1235
131
1123
132
1127
131
11196
130
12131
131
111
132
115
135
11140
0313
02138
138
122
137
1187
131
118
131
115
133
11101
138
138
1189
131
1111
131
121
133
11110
131
1153
0313
0263
138
11100
132
114
133
1198
138
122
138
1193
131
1110
132
124
132
11102
138
11100
0310
0297
138
1165
131
1133
132
123
131
1114
131
1187
138
121
138
1199
132
114
132
123
131
11101
138
1281
03241
0185
139
1180
139
123
1310
12148
133
127
136
110
1310
1178
138
121
139
121
131
12170
131
1115
139
110
138
1176
139
111
1310
12157
1310
111
139
1176
139
110
1310
12159
139
112
1310
1178
1310
111
139
12156
139
11122
0365
02128
1317
1175
1310
114
1310
12158
1310
112
1310
1179
139
123
138
12120
131
1236
139
121
138
1180
139
121
139
12155
139
121
1310
1178
139
122
1310
12160
1310
112
139
1177
1310
111
139
1240
130
1294
131
1187
0339
0230
1310
1137
130
1126
131
118
131
12102
133
124
138
114
138
111
134
12138
133
115
132
1111
132
1170
139
124
138
12147
132
127
136
122
139
1178
139
120
1310
12157
1310
120
139
1177
139
111
139
124
131
12116
130
1237
139
1138
03274
02115
1311
124
136
114
131
1125
131
1146
1311
121
137
12145
132
129
137
121
138
114
131
1132
131
1142
138
122
139
12147
131
125
132
124
139
111
136
1179
139
122
136
123
133
12151
139
122
1310
1179
139
122
1310
12161
1310
114
139
1176
1310
111
139
12146
132
1199
0359
02113
139
1124
131
1143
131
119
138
120
1310
12151
133
124
136
121
1310
1178
139
139
12157
133
111
136
121
139
1179
139
122
138
122
131
12196
130
130
1146
1310
123
139
1180
139
123
139
12157
139
121
1310
1182
1310
124
139
12151
132
127
137
1286
03120
0185
1319
1180
133
122
137
120
139
12153
133
124
139
134
113
132
1115
131
1133
131
11147
130
12123
133
112
135
12160
135
113
138
116
138
114
138
115
138
122
134
128
132
12127
130
1238
139
110
137
114
133
1173
1310
112
139
1241
130
1287
131
12102
03319
0171
139
139
1173
1310
112
139
12155
139
122
1310
1186
132
128
139
120
137
12152
133
124
136
139
1177
139
139
12154
139
123
136
116
133
1161
133
1111
137
120
139
12160
139
112
1310
1173
133
116
137
110
1310
12160
131
11110
0360
02113
1310
1184
133
126
137
111
139
12156
139
111
1310
1177
139
122
139
12156
139
111
139
1176
139
111
139
12154
139
121
139
1173
139
112
1310
12160
1310
114
137
113
132
1173
1310
112
137
123
132
12155
139
11117
0363
02120
1310
1182
133
126
137
112
139
12156
139
110
1310
1178
139
123
139
12155
137
120
139
122
132
1178
139
111
139
12154
139
121
1310
1180
139
125
139
12149
132
129
137
111
137
113
133
1177
1310
122
136
110
133
12158
139
11118
03250
02116
1310
1174
1310
121
139
12155
139
121
1310
1181
135
124
139
122
134
12153
139
122
139
1177
139
111
139
12155
139
111
1310
1178
139
123
139
12158
139
111
137
112
133
1176
1310
111
136
125
133
12155
1310
11127
0365
02131
1310
114
139
1177
1310
122
139
12156
139
138
113
132
11196
130
12122
139
139
12155
133
121
136
111
139
12123
130
11191
132
118
137
120
139
12155
139
121
1310
1181
139
125
1310
12160
1310
113
139
1177
1310
111
1310
12167
131
1273
03122
0180
1317
115
132
1174
139
121
1310
12157
139
121
1310
1179
139
122
137
123
132
12151
139
122
138
1131
131
1143
132
114
137
120
139
12156
139
139
1116
131
1159
131
114
132
1293
133
119
135
117
132
1286
131
117
132
1175
1310
121
139
1240
130
1244
131
12152
03153
01169
139
139
122
133
124
132
128
138
122
138
12154
139
122
1310
1180
139
124
136
123
133
12151
136
122
139
111
133
1177
139
139
12155
138
120
1310
1244
130
1188
131
1131
135
111
136
12120
130
1115
131
1253
134
1126
03100
0239
133
12148
139
110
1310
1177
1318
12150
133
126
136
121
139
1177
139
111
139
12146
131
1212
132
1249
135
115
139
113
139
114
139
112
134
116
134
133
1252
133
12112
0357
0129
1310
1183
1310
123
139
12155
139
121
1310
1180
134
123
139
121
135
12155
139
139
1177
139
139
12154
139
121
1310
1179
139
123
139
12149
132
129
137
122
1310
1189
132
128
139
121
136
120
132
12156
139
1287
03167
02197
130
130
130
130
118
032
028
130
12195
131
12188
131
1217
130
1212
031
0112
130
130
130
130
03303
130
130
130
130
121
032
02169
131
12163
131
1267
130
130
1219
031
0236
131
11194
131
12139
130
130
